Raytech Holding Quarterly Net Income (Millions of US $),Raytech Holding Quarterly Net Income (Millions of US $).1
2024-09-30,
2024-03-31,
2023-09-30,
2023-03-31,
