Autozi Internet Technology (Global) PE Ratio Historical Data,Autozi Internet Technology (Global) PE Ratio Historical Data,Autozi Internet Technology (Global) PE Ratio Historical Data,Autozi Internet Technology (Global) PE Ratio Historical Data
Date,Stock Price,TTM Net EPS,PE Ratio
2025-03-20,0.64,,inf
